Date,Name,Year,Letterboxd URI
2020-08-16,Marriage Story,2019,https://boxd.it/hJAw
2020-08-16,The Double Life of Véronique,1991,https://boxd.it/28va
2020-08-16,Toy Story,1995,https://boxd.it/29qA
2020-08-16,Something Useful,2017,https://boxd.it/gMaY
2020-08-16,Paterson,2016,https://boxd.it/cRk2
2020-08-16,Inside Out,2015,https://boxd.it/4KHC
2020-08-16,I Origins,2014,https://boxd.it/7aRM
2020-08-16,The Grand Budapest Hotel,2014,https://boxd.it/3ZqO
2020-08-16,Her,2013,https://boxd.it/4O24
2020-08-16,Sidewalls,2011,https://boxd.it/2EiM
2020-08-16,Perfect Sense,2011,https://boxd.it/A3O
2020-08-16,Black Swan,2010,https://boxd.it/Sw0
2020-08-16,3 Idiots,2009,https://boxd.it/1Dsa
2020-08-16,Up,2009,https://boxd.it/1OEc
2020-08-16,A Son of the Sun,2008,https://boxd.it/18ny
2020-08-16,Persepolis,2007,https://boxd.it/27DC
2020-08-16,The Terminal,2004,https://boxd.it/2a2O
2020-08-16,Eternal Sunshine of the Spotless Mind,2004,https://boxd.it/6YK
2020-08-16,Before Sunset,2004,https://boxd.it/2bcg
2020-08-16,Finding Nemo,2003,https://boxd.it/72i
2020-08-16,The Pianist,2002,https://boxd.it/2aqc
2020-08-16,GoodFellas,1990,https://boxd.it/29FA
2020-08-16,The Shining,1980,https://boxd.it/29Nu
2020-08-16,The Bus,1974,https://boxd.it/8UhW
2020-08-16,Psycho,1960,https://boxd.it/2ab2
2020-08-16,12 Angry Men,1957,https://boxd.it/2auI
2020-08-16,Edward Scissorhands,1990,https://boxd.it/2aZc
2020-08-16,Three Colours: Red,1994,https://boxd.it/2b7q
2020-08-16,Three Colours: White,1994,https://boxd.it/2b7A
2020-08-16,Three Colours: Blue,1993,https://boxd.it/2b7K
2020-08-16,Before Sunrise,1995,https://boxd.it/2bcU
2020-08-16,Trainspotting,1996,https://boxd.it/29XY
2020-08-16,Reservoir Dogs,1992,https://boxd.it/2agc
2020-08-16,The Game,1997,https://boxd.it/26vC
2020-08-16,The Silence of the Lambs,1991,https://boxd.it/2aHW
2020-08-16,One Flew Over the Cuckoo's Nest,1975,https://boxd.it/2aeA
2020-08-16,The Piano Teacher,2001,https://boxd.it/2886
2020-08-16,Joker,2019,https://boxd.it/h4cS
2020-08-16,The Wild Pear Tree,2018,https://boxd.it/eMtM
2020-08-16,Red Istanbul,2017,https://boxd.it/fMvK
2020-08-16,Manchester by the Sea,2016,https://boxd.it/b2L0
2020-08-16,Django Unchained,2012,https://boxd.it/2cCk
2020-08-16,My Grandfather's People,2011,https://boxd.it/2Rig
2020-08-16,A Separation,2011,https://boxd.it/gvo
2020-08-16,Hunting Season,2010,https://boxd.it/CXk
2020-08-16,The Curious Case of Benjamin Button,2008,https://boxd.it/23Fk
2020-08-16,Vicky Cristina Barcelona,2008,https://boxd.it/23rW
2020-08-16,Slumdog Millionaire,2008,https://boxd.it/1S3E
2020-08-16,Alone,2008,https://boxd.it/1qAK
2020-08-16,For Love and Honor,2007,https://boxd.it/1qAA
2020-08-16,Into the Wild,2007,https://boxd.it/22m2
2020-08-16,Romantic,2007,https://boxd.it/Bqu
2020-08-16,Blood Diamond,2006,https://boxd.it/28Tm
2020-08-16,The Devil Wears Prada,2006,https://boxd.it/2awE
2020-08-16,My Father and My Son,2005,https://boxd.it/1QgQ
2020-08-16,Caché,2005,https://boxd.it/2amY
2020-08-16,The Notebook,2004,https://boxd.it/1UNE
2020-08-16,Where's Firuze?,2004,https://boxd.it/396C
2020-08-16,Catch Me If You Can,2002,https://boxd.it/29VS
2020-08-16,The Lord of the Rings: The Two Towers,2002,https://boxd.it/2b5E
2020-08-16,Ice Age,2002,https://boxd.it/2apS
2020-08-16,Garden State,2004,https://boxd.it/2asW
2020-08-16,Titanic,1997,https://boxd.it/2a2k
2020-08-16,Dogville,2003,https://boxd.it/2a8W
2020-08-16,A Hidden Life,2019,https://boxd.it/eb1Q
2020-08-16,Atonement,2007,https://boxd.it/24ui
2020-08-16,Gone with the Wind,1939,https://boxd.it/29Fq
2020-08-16,Magnolia,1999,https://boxd.it/2aze
2020-08-16,Good Will Hunting,1997,https://boxd.it/2ahY
2020-08-16,The Apartment,1996,https://boxd.it/1RMe
2020-08-16,Midnight in Paris,2011,https://boxd.it/i4a
2020-08-16,The Big Lebowski,1998,https://boxd.it/2b6C
2020-08-16,Time of the Gypsies,1988,https://boxd.it/1E1Y
2020-08-16,Dirty Dancing,1987,https://boxd.it/2baY
2020-08-16,Captain Fantastic,2016,https://boxd.it/b2K2
2020-08-16,Babel,2006,https://boxd.it/292o
2020-08-16,Revolutionary Road,2008,https://boxd.it/24Le
2020-08-16,Biutiful,2010,https://boxd.it/OiI
2020-08-16,Big Fish,2003,https://boxd.it/2a3M
2020-08-16,303,2018,https://boxd.it/hNBe
2020-08-16,My King,2015,https://boxd.it/aNq2
2020-08-16,Café de Flore,2011,https://boxd.it/302Q
2020-08-16,10 Things I Hate About You,1999,https://boxd.it/23AO
2020-08-16,Comidark Films: In Between,2019,https://boxd.it/nL1q
2020-08-16,The Vow,2012,https://boxd.it/2o4Y
2020-08-16,Parasite,2019,https://boxd.it/hTha
2020-08-16,Love Actually,2003,https://boxd.it/2aeU
2020-08-16,The Hunt,2012,https://boxd.it/3wEC
2020-08-16,The Unbearable Lightness of Being,1988,https://boxd.it/1VKc
2020-08-16,Jojo Rabbit,2019,https://boxd.it/iEBG
2020-08-16,Gone Girl,2014,https://boxd.it/6hQu
2020-08-17,Mirage,2018,https://boxd.it/jeOm
2020-08-17,Miracle in Cell No. 7,2019,https://boxd.it/nFrM
2020-08-17,Green Book,2018,https://boxd.it/hErk
2020-08-17,Mortal World,2018,https://boxd.it/i1G8
2020-08-17,Blade Runner 2049,2017,https://boxd.it/b8wK
2020-08-17,Ayla: The Daughter of War,2017,https://boxd.it/gWyw
2020-08-17,In the Fade,2017,https://boxd.it/eZpS
2020-08-17,For Both of Us,2016,https://boxd.it/g1ho
2020-08-17,Sour Apples,2016,https://boxd.it/eXKu
2020-08-17,Gênco,2017,https://boxd.it/hiOG
2020-08-17,Spotlight,2015,https://boxd.it/a84k
2020-08-17,The Hobbit: The Battle of the Five Armies,2014,https://boxd.it/43aU
2020-08-17,Are We Ok?,2013,https://boxd.it/7wSW
2020-08-17,CM101MMXI Fundamentals,2013,https://boxd.it/52TQ
2020-08-17,The Hobbit: An Unexpected Journey,2012,https://boxd.it/GZk
2020-08-17,Amour,2012,https://boxd.it/34Q6
2020-08-17,Losers' Club,2011,https://boxd.it/gxE
2020-08-17,Incendies,2010,https://boxd.it/Msm
2020-08-17,Jolly Life,2009,https://boxd.it/ypI
2020-08-17,About Elly,2009,https://boxd.it/18Ry
2020-08-17,The Prestige,2006,https://boxd.it/293w
2020-08-17,The Lord of the Rings: The Return of the King,2003,https://boxd.it/2b5u
2020-08-17,A Beautiful Mind,2001,https://boxd.it/2amk
2020-08-17,The Lord of the Rings: The Fellowship of the Ring,2001,https://boxd.it/2b5O
2020-08-17,Spirited Away,2001,https://boxd.it/2b4m
2020-08-17,Requiem for a Dream,2000,https://boxd.it/29VI
2020-08-17,Memento,2000,https://boxd.it/2bcK
2020-08-17,Fight Club,1999,https://boxd.it/2a9q
2020-08-17,The Truman Show,1998,https://boxd.it/18U8
2020-08-17,Everything's Gonna Be Great,1998,https://boxd.it/2R36
2020-08-17,Life Is Beautiful,1997,https://boxd.it/29Wm
2020-08-17,Children of Heaven,1997,https://boxd.it/1C5k
2020-08-17,The Bandit,1996,https://boxd.it/1sVq
2020-08-17,Léon: The Professional,1994,https://boxd.it/2b8S
2020-08-17,The Usual Suspects,1995,https://boxd.it/29XE
2020-08-17,The Shawshank Redemption,1994,https://boxd.it/2aHi
2020-08-17,The Lion King,1994,https://boxd.it/201Q
2020-08-17,Forrest Gump,1994,https://boxd.it/728
2020-08-17,Home Alone,1990,https://boxd.it/29Fg
2020-08-17,Dead Poets Society,1989,https://boxd.it/2aSg
2020-08-17,The Lion King,2019,https://boxd.it/eSjI
2020-08-17,Toy Story 4,2019,https://boxd.it/9ALu
2020-08-17,Incredibles 2,2018,https://boxd.it/7IPg
2020-08-17,Lion,2016,https://boxd.it/b2La
2020-08-17,Me Before You,2016,https://boxd.it/9n98
2020-08-17,Room,2015,https://boxd.it/7T0y
2020-08-17,Big Hero 6,2014,https://boxd.it/5rje
2020-08-17,The Fault in Our Stars,2014,https://boxd.it/6BQa
2020-08-17,About Time,2013,https://boxd.it/43bI
2020-08-17,Despicable Me 2,2013,https://boxd.it/3gg0
2020-08-17,Before Midnight,2013,https://boxd.it/4ive
2020-08-17,Ice Age: Continental Drift,2012,https://boxd.it/lQ2
2020-08-17,Silver Linings Playbook,2012,https://boxd.it/2TTo
2020-08-17,The Intouchables,2011,https://boxd.it/2FT0
2020-08-17,Cars 2,2011,https://boxd.it/H4Y
2020-08-17,Kung Fu Panda 2,2011,https://boxd.it/G36
2020-08-17,One Day,2011,https://boxd.it/Asu
2020-08-17,Shrek Forever After,2010,https://boxd.it/1WRo
2020-08-17,Remember Me,2010,https://boxd.it/1zyI
2020-08-17,Toy Story 3,2010,https://boxd.it/1WRe
2020-08-17,Inception,2010,https://boxd.it/1skk
2020-08-17,Mr. Nobody,2009,https://boxd.it/1k44
2020-08-17,Gran Torino,2008,https://boxd.it/1Qzy
2020-08-17,WALL·E,2008,https://boxd.it/1VEo
2020-08-17,Kung Fu Panda,2008,https://boxd.it/1Yws
2020-08-17,Ratatouille,2007,https://boxd.it/27ww
2020-08-17,The Pursuit of Happyness,2006,https://boxd.it/28PE
2020-08-17,Madagascar,2005,https://boxd.it/29dc
2020-08-17,Pride & Prejudice,2005,https://boxd.it/24u8
2020-08-17,Ice Age: The Meltdown,2006,https://boxd.it/2wRk
2020-08-17,The Incredibles,2004,https://boxd.it/1XLm
2020-08-17,Shrek 2,2004,https://boxd.it/29z8
2020-08-17,Cast Away,2000,https://boxd.it/20i8
2020-08-17,"Monsters, Inc.",2001,https://boxd.it/2a46
2020-08-17,City of Angels,1998,https://boxd.it/29Bo
2020-08-17,PK,2014,https://boxd.it/9q1G
2020-08-17,Frances Ha,2012,https://boxd.it/41Xg
2020-08-17,Shutter Island,2010,https://boxd.it/1U82
2020-08-17,Dogtooth,2009,https://boxd.it/158K
2020-08-17,V for Vendetta,2005,https://boxd.it/29Ik
2020-08-17,Million Dollar Baby,2004,https://boxd.it/2bdI
2020-08-17,50 First Dates,2004,https://boxd.it/285c
2020-08-17,Lost in Translation,2003,https://boxd.it/2b0E
2020-08-17,The Sixth Sense,1999,https://boxd.it/29Js
2020-08-17,Pulp Fiction,1994,https://boxd.it/29Pq
2020-08-17,The Godfather,1972,https://boxd.it/2aNK
2020-08-17,A Clockwork Orange,1971,https://boxd.it/2aVE
2020-08-17,Blade Runner,1982,https://boxd.it/2bcA
2020-08-17,The Breakfast Club,1985,https://boxd.it/27q4
2020-08-17,Rear Window,1954,https://boxd.it/2a6Q
2020-08-17,Vertigo,1958,https://boxd.it/2apI
2020-08-17,Split,2016,https://boxd.it/dgSy
2020-08-17,Eat Pray Love,2010,https://boxd.it/16Cc
2020-08-17,Hotel Rwanda,2004,https://boxd.it/2aSA
2020-08-17,Harry Potter and the Chamber of Secrets,2002,https://boxd.it/29QI
2020-08-17,"Girl, Interrupted",1999,https://boxd.it/25ds
2020-08-17,Dancer in the Dark,2000,https://boxd.it/71E
2020-08-17,Annie Hall,1977,https://boxd.it/29M2
2020-08-17,Fargo,1996,https://boxd.it/2aHM
2020-08-17,The Devil's Advocate,1997,https://boxd.it/286k
2020-08-17,The Lake House,2006,https://boxd.it/27yM
2020-08-17,Once Upon a Time in Anatolia,2011,https://boxd.it/2yHG
2020-08-17,Alvin and the Chipmunks: The Road Chip,2015,https://boxd.it/7DWQ
2020-08-17,Alvin and the Chipmunks: The Squeakquel,2009,https://boxd.it/1zgk
2020-08-17,Cloudy with a Chance of Meatballs,2009,https://boxd.it/1A40
2020-08-17,Coraline,2009,https://boxd.it/1NhQ
2020-08-17,Charlie and the Chocolate Factory,2005,https://boxd.it/2b68
2020-08-17,Toy Story 2,1999,https://boxd.it/29qq
2020-08-17,Dumbo,1941,https://boxd.it/1U2o
2020-08-17,One Hundred and One Dalmatians,1961,https://boxd.it/1SeC
2020-08-17,Finding Dory,2016,https://boxd.it/4aAA
2020-08-17,A Bug's Life,1998,https://boxd.it/1Yyy
2020-08-17,Like Stars on Earth,2007,https://boxd.it/20SA
2020-08-17,Spider-Man,2002,https://boxd.it/2a8i
2020-08-17,Gladiator,2000,https://boxd.it/2b9m
2020-08-17,The Green Mile,1999,https://boxd.it/2agG
2020-08-17,Rain Man,1988,https://boxd.it/2avw
2020-08-17,Decalogue I,1989,https://boxd.it/3WmE
2020-08-17,Cats & Dogs,2001,https://boxd.it/1UUq
2020-08-17,Star Wars: The Last Jedi,2017,https://boxd.it/5xme
2020-08-17,Return of the Jedi,1983,https://boxd.it/27Vm
2020-08-17,The Empire Strikes Back,1980,https://boxd.it/27Vw
2020-08-17,Star Wars: The Force Awakens,2015,https://boxd.it/4vru
2020-08-17,The Best Offer,2013,https://boxd.it/4Oh4
2020-08-17,My First Time,2012,https://boxd.it/3MX6
2020-08-17,Love Likes Coincidences,2011,https://boxd.it/nVe
2020-08-17,Begin Again,2013,https://boxd.it/5Ybs
2020-08-17,Three Steps Above Heaven,2010,https://boxd.it/cpG
2020-08-17,Monsters University,2013,https://boxd.it/bQm
2020-08-24,Piano Piano Kid,1991,https://boxd.it/322y
2021-01-25,Soul,2020,https://boxd.it/ioLA
2021-01-25,Night on Earth,1991,https://boxd.it/2ayq
2021-03-09,The Painted Veil,2006,https://boxd.it/1OyS
2021-03-09,Eternity and a Day,1998,https://boxd.it/1wSq
2021-03-09,Se7en,1995,https://boxd.it/29zs
2021-03-09,Kate & Leopold,2001,https://boxd.it/1Uj0
2021-03-09,A Few Good Men,1992,https://boxd.it/29nw
2021-03-09,Nomadland,2020,https://boxd.it/lnRy
2021-03-09,To the Wonder,2012,https://boxd.it/gpU
2021-03-09,Stuck Apart,2021,https://boxd.it/o2cU
2021-03-09,I Care a Lot,2020,https://boxd.it/mcHk
2021-03-10,Schindler's List,1993,https://boxd.it/2aq2
2021-03-11,Cold War,2018,https://boxd.it/fEoc
2021-03-13,Being John Malkovich,1999,https://boxd.it/2ahu
2021-03-14,Little Women,2019,https://boxd.it/aSVk
2021-03-16,The Devil All the Time,2020,https://boxd.it/i2tY
2021-03-17,It's Only the End of the World,2016,https://boxd.it/be0K
2021-03-21,No Country for Old Men,2007,https://boxd.it/21ew
2021-03-21,21 Grams,2003,https://boxd.it/2ajK
2021-03-21,P.S. I Love You,2007,https://boxd.it/229C
2021-03-21,Horton Hears a Who!,2008,https://boxd.it/1SfA
2021-03-21,Alvin and the Chipmunks,2007,https://boxd.it/21E0
2021-03-21,Bolt,2008,https://boxd.it/1QXg
2021-03-21,Twilight,2008,https://boxd.it/1Zui
2021-03-21,The Twilight Saga: New Moon,2009,https://boxd.it/1Hj2
2021-03-21,The Butterfly's Dream,2013,https://boxd.it/5haQ
2021-03-21,Karakomik Filmler,2019,https://boxd.it/jMsO
2021-03-21,Tenet,2020,https://boxd.it/leq4
2021-03-21,Smurfs: The Lost Village,2017,https://boxd.it/4pCG
2021-03-21,How to Train Your Dragon 2,2014,https://boxd.it/2TRW
2021-03-21,The Great Gatsby,2013,https://boxd.it/JY
2021-03-21,How to Train Your Dragon,2010,https://boxd.it/1WRy
2021-03-21,Beyaz Melek,2007,https://boxd.it/1qBy
2021-03-21,Shark Tale,2004,https://boxd.it/1VYe
2021-03-21,A Walk to Remember,2002,https://boxd.it/1WLq
2021-03-24,Palm Springs,2020,https://boxd.it/lCXQ
2021-04-11,While We're Young,2014,https://boxd.it/7oOs
2021-04-12,Time to Love,1965,https://boxd.it/46cu
2021-04-15,The Fountain,2006,https://boxd.it/28RU
2021-04-22,Like Crazy,2011,https://boxd.it/g4s
2021-04-23,Call Me by Your Name,2017,https://boxd.it/dYmm
2021-04-24,Collateral Beauty,2016,https://boxd.it/bAIu
2021-04-25,Pieces of a Woman,2020,https://boxd.it/nOrQ
2021-04-26,The Art of Racing in the Rain,2019,https://boxd.it/iYWk
2021-04-27,Little Miss Sunshine,2006,https://boxd.it/29EW
2021-04-30,On Body and Soul,2017,https://boxd.it/fu7A
2021-05-02,Scent of a Woman,1992,https://boxd.it/1YAu
2021-05-02,Sound of Metal,2019,https://boxd.it/i7Q4
2021-05-04,Amélie,2001,https://boxd.it/2aUc
2021-05-05,La Belle Époque,2019,https://boxd.it/lXCE
2021-05-09,Minari,2020,https://boxd.it/mL9M
2021-05-09,Love Likes Coincidences 2,2020,https://boxd.it/oyc8
2021-05-11,As Good as It Gets,1997,https://boxd.it/268y
2021-05-16,Lady Bird,2017,https://boxd.it/dGNE
2021-05-22,The 100 Year-Old Man Who Climbed Out the Window and Disappeared,2013,https://boxd.it/4CHE
2021-05-26,Love in the Afternoon,1957,https://boxd.it/1HcK
2021-05-30,Friends: The Reunion,2021,https://boxd.it/pOQq
2021-06-03,Love in the Afternoon,1972,https://boxd.it/1Svo
2021-06-20,Pain and Glory,2019,https://boxd.it/iOBQ
2021-06-22,Oscar and the Lady in Pink,2009,https://boxd.it/AkU
2021-07-01,To the Bone,2017,https://boxd.it/e5AK
2021-07-14,Wonder,2017,https://boxd.it/ekeY
2021-07-30,Inglourious Basterds,2009,https://boxd.it/1JzG
2021-08-04,Winter Sleep,2014,https://boxd.it/7Ua0
2021-08-06,Climates,2006,https://boxd.it/1H0k
2021-08-11,Annette,2021,https://boxd.it/f0RS
2021-08-11,Never Look Away,2018,https://boxd.it/eZns
2021-08-12,"Love, Rosie",2014,https://boxd.it/62hE
2021-08-12,The Lovers on the Bridge,1991,https://boxd.it/26li
2021-08-17,Amores Perros,2000,https://boxd.it/2bfu
2021-08-19,Whiplash,2014,https://boxd.it/7bQA
2021-08-20,Noah Land,2019,https://boxd.it/lEsq
2021-08-21,Chungking Express,1994,https://boxd.it/1UDa
2021-08-23,Little White Lies,2010,https://boxd.it/JiI
2021-08-23,The Elephant Man,1980,https://boxd.it/27LQ
2021-08-23,The Book Thief,2013,https://boxd.it/67wO
2021-08-23,The Hobbit: The Desolation of Smaug,2013,https://boxd.it/nmS
2021-08-24,The Sea Inside,2004,https://boxd.it/27S8
2021-08-24,The Secret Life of Walter Mitty,2013,https://boxd.it/3SWy
2021-08-26,Mary and Max,2009,https://boxd.it/1y2m
2021-08-26,Head-On,2004,https://boxd.it/2awk
2021-08-26,The Emoji Movie,2017,https://boxd.it/d9x4
2021-08-26,Cars 3,2017,https://boxd.it/7IPq
2021-08-26,The Little Prince,2015,https://boxd.it/9WbS
2021-08-26,Sex Tape,2014,https://boxd.it/6FRG
2021-08-26,Wedding Association,2013,https://boxd.it/7ezC
2021-08-26,Anna Karenina,2012,https://boxd.it/3lyy
2021-08-26,The Twilight Saga: Breaking Dawn – Part 1,2011,https://boxd.it/DdM
2021-08-26,Cars of the Revolution,2008,https://boxd.it/ypy
2021-08-26,Bee Movie,2007,https://boxd.it/22Vw
2021-08-26,Casablanca,1942,https://boxd.it/2aG0
2021-09-13,Another Round,2020,https://boxd.it/lkba
2021-09-18,Enemy,2013,https://boxd.it/5xtO
2021-09-20,Anima,2019,https://boxd.it/mxuc
2021-09-20,The Father,2020,https://boxd.it/m8Ie
2021-09-29,Shame,2011,https://boxd.it/2CxU
2021-10-04,A Heart in Winter,1992,https://boxd.it/Ja0
2021-10-10,Cinderella Man,2005,https://boxd.it/29he
2021-10-11,Shiva Baby,2020,https://boxd.it/oIv0
2021-10-12,The Guilty,2021,https://boxd.it/kOPW
2021-10-12,Locke,2013,https://boxd.it/6hHC
2021-10-15,Moonrise Kingdom,2012,https://boxd.it/2Wng
2021-10-24,The Last Samurai,2003,https://boxd.it/29ZA
2021-10-27,Dune,2021,https://boxd.it/fA7G
2021-10-27,After We Fell,2021,https://boxd.it/rWum
2021-11-02,"The French Dispatch of the Liberty, Kansas Evening Sun",2021,https://boxd.it/jLP8
2021-11-05,Scenes from a Marriage,2021,https://boxd.it/wzSU
2021-11-07,The Souvenir,2019,https://boxd.it/gXU4
2021-11-21,A Tale of Winter,1992,https://boxd.it/1WJO
2021-11-22,Eiffel,2021,https://boxd.it/omw6
2021-11-22,Closer,2004,https://boxd.it/270K
2021-11-28,Cinema Paradiso,1988,https://boxd.it/1UlA
2021-12-09,Rush,2013,https://boxd.it/3lyS
2021-12-12,Jerry Maguire,1996,https://boxd.it/1YNS
2021-12-12,How to Become a Tyrant,2021,https://boxd.it/wvV6
2021-12-16,"Ana, My Love",2017,https://boxd.it/fesM
2021-12-18,When Harry Met Sally...,1989,https://boxd.it/29W2
2021-12-23,Remember us,2018,https://boxd.it/jINI
2022-01-01,Cem Yılmaz: Diamond Elite Platinum Plus,2021,https://boxd.it/yvJo
2022-01-03,A Broken Love Story,1982,https://boxd.it/8H0e
2022-01-15,Don't Look Up,2021,https://boxd.it/o0Hc
2022-01-20,The Social Network,2010,https://boxd.it/17ue
2022-01-21,Fantastic Mr. Fox,2009,https://boxd.it/1WyQ
2022-02-24,The Worst Person in the World,2021,https://boxd.it/oyws
2022-03-01,Brothers,2009,https://boxd.it/20WW
2022-03-11,Mulholland Drive,2001,https://boxd.it/297o
2022-03-24,House of Sand and Fog,2003,https://boxd.it/1UEM
2022-03-26,Notting Hill,1999,https://boxd.it/2aeK
2022-04-02,The Royal Tenenbaums,2001,https://boxd.it/1YHU
2022-04-02,The Batman,2022,https://boxd.it/eDGs
2022-04-17,CODA,2021,https://boxd.it/tbf4
2022-04-23,The Bridges of Madison County,1995,https://boxd.it/29Os
2022-05-29,The Past,2013,https://boxd.it/4Ovg
2022-06-07,Godspeed,2022,https://boxd.it/AHcU
2022-07-05,Meet Joe Black,1998,https://boxd.it/2aEI
2022-08-08,Happening,2021,https://boxd.it/tRts
2022-08-08,Unfaithful,2002,https://boxd.it/275A
2022-08-08,Carol,2015,https://boxd.it/7DPK
2022-08-09,The Aviator's Wife,1981,https://boxd.it/1srq
2022-08-10,The Shape of Water,2017,https://boxd.it/dZ5m
2022-08-10,I Want You Back,2022,https://boxd.it/poyU
2022-08-11,Submarine,2010,https://boxd.it/H4a
2022-08-12,The Lobster,2015,https://boxd.it/7tnw
2022-08-12,The Green Ray,1986,https://boxd.it/t8W
2022-08-13,Boyfriends and Girlfriends,1987,https://boxd.it/14C
2022-08-13,La Collectionneuse,1967,https://boxd.it/23Ls
2022-08-14,Drive My Car,2021,https://boxd.it/sv94
2022-08-14,45 Years,2015,https://boxd.it/9ZPG
2022-08-14,Blue Valentine,2010,https://boxd.it/MxG
2022-08-14,Love Tactics,2022,https://boxd.it/yY0C
2022-08-18,Heartsong,2022,https://boxd.it/BRzm
2022-09-03,The Time Traveler's Wife,2009,https://boxd.it/1xH4
2022-09-14,Bridget Jones's Diary,2001,https://boxd.it/29WQ
2022-09-21,The Festival of Troubadours,2022,https://boxd.it/xaKo
2022-09-22,Short Term 12,2013,https://boxd.it/5f6s
2022-10-05,Torment,1994,https://boxd.it/1HMS
2022-10-09,Nocturnal Animals,2016,https://boxd.it/bkFu
2022-10-30,Aftersun,2022,https://boxd.it/Arw0
2022-10-30,Undine,2020,https://boxd.it/mM3K
2022-10-31,Cici,2022,https://boxd.it/CPZu
2022-11-12,Triangle of Sadness,2022,https://boxd.it/hXlq
2022-11-15,Love & Other Drugs,2010,https://boxd.it/UIi
2022-11-15,Don't Leave,2022,https://boxd.it/DmyQ
2022-11-19,Force Majeure,2014,https://boxd.it/7UcA
2022-11-20,Perfume: The Story of a Murderer,2006,https://boxd.it/28LW
2022-11-22,The Square,2017,https://boxd.it/e5YW
2022-11-24,Steve Jobs,2015,https://boxd.it/araG
2022-11-28,Ordinary People,1980,https://boxd.it/1JTm
2022-11-30,Dear Diary,1993,https://boxd.it/1vT8
2022-12-01,Come and See,1985,https://boxd.it/1w9q
2022-12-03,Saraband,2003,https://boxd.it/rkw
2022-12-14,Petite Maman,2021,https://boxd.it/s6je
2022-12-28,French Kiss,1995,https://boxd.it/2atA
2023-01-01,Mare of Easttown,2021,https://boxd.it/u2h8
2023-01-03,Truly Madly Deeply,1990,https://boxd.it/1HaY
2023-01-07,The Banshees of Inisherin,2022,https://boxd.it/p7XS
2023-01-09,The Man from Earth,2007,https://boxd.it/1Ql2
2023-01-09,The Queen's Gambit,2020,https://boxd.it/s1Ym
2023-01-09,Ethos,2020,https://boxd.it/sJVQ
2023-01-09,Muslum,2018,https://boxd.it/jcPW
2023-01-09,Whisper If I Forget,2014,https://boxd.it/9y5c
2023-01-09,A Long Story,2012,https://boxd.it/4t8q
2023-01-09,Madagascar 3: Europe's Most Wanted,2012,https://boxd.it/2NF6
2023-01-09,The Hunger Games,2012,https://boxd.it/2uds
2023-01-09,Çalgı Çengi,2011,https://boxd.it/1e8
2023-01-09,Harry Potter and the Deathly Hallows: Part 1,2010,https://boxd.it/1RYu
2023-01-09,Five Minarets in New York,2010,https://boxd.it/AwQ
2023-01-09,Eyyvah Eyvah,2010,https://boxd.it/HGo
2023-01-09,Harry Potter and the Half-Blood Prince,2009,https://boxd.it/29FU
2023-01-09,Ice Age: Dawn of the Dinosaurs,2009,https://boxd.it/20iC
2023-01-09,Seven Pounds,2008,https://boxd.it/1U8w
2023-01-09,Madagascar: Escape 2 Africa,2008,https://boxd.it/1W2K
2023-01-09,Harry Potter and the Order of the Phoenix,2007,https://boxd.it/29Qe
2023-01-09,"Don't Worry, I'm Fine",2006,https://boxd.it/2908
2023-01-09,Harry Potter and the Goblet of Fire,2005,https://boxd.it/29Qo
2023-01-09,Lovelorn,2005,https://boxd.it/1mko
2023-01-09,Spider-Man 2,2004,https://boxd.it/2a88
2023-01-09,Harry Potter and the Prisoner of Azkaban,2004,https://boxd.it/29Qy
2023-01-09,Harry Potter and the Philosopher's Stone,2001,https://boxd.it/29QS
2023-01-09,Shrek,2001,https://boxd.it/29zi
2023-01-09,October Sky,1999,https://boxd.it/1Q7u
2023-01-09,Antz,1998,https://boxd.it/1ZB4
2023-01-09,Oh Where,1975,https://boxd.it/4Wjs
2023-01-09,The Chaos Class Failed the Class,1975,https://boxd.it/1iSQ
2023-01-09,Our Family,1975,https://boxd.it/6x2q
2023-01-09,Sev Kardeşim,1972,https://boxd.it/aBhM
2023-01-09,Delisin,1975,https://boxd.it/fVey
2023-01-09,The Chaos Class,1975,https://boxd.it/2Wiq
2023-01-09,Neşeli Günler,1978,https://boxd.it/x6K
2023-01-09,The Chaos Class Is on Vacation,1977,https://boxd.it/1jby
2023-01-09,Family Honour,1976,https://boxd.it/4WiO
2023-01-09,The Twilight Saga: Breaking Dawn – Part 2,2012,https://boxd.it/DdC
2023-01-09,Azem 4: Alacakaranlık,2016,https://boxd.it/hBsO
2023-01-09,Wedding Association 2: Circumcision,2015,https://boxd.it/cSjE
2023-01-09,I Saw the Sun,2009,https://boxd.it/1qzC
2023-01-09,CMYLMZ,2008,https://boxd.it/2Pse
2023-01-09,Harry Potter and the Deathly Hallows: Part 2,2011,https://boxd.it/1RYk
2023-01-09,Minions,2015,https://boxd.it/6jCO
2023-01-09,The Bucket List,2007,https://boxd.it/20Ye
2023-01-09,Jumanji,1995,https://boxd.it/1ZLI
2023-01-21,Forgotten,2017,https://boxd.it/hAJE
2023-01-22,Gad Elmaleh: American Dream,2018,https://boxd.it/ijT0
2023-02-05,The Menu,2022,https://boxd.it/lScm
2023-02-14,Saving Private Ryan,1998,https://boxd.it/29ro
2023-02-19,Babylon,2022,https://boxd.it/mM02
2023-02-19,Decalogue II,1989,https://boxd.it/C8Q
2023-02-25,Jurassic Park,1993,https://boxd.it/2aA2
2023-02-26,TÁR,2022,https://boxd.it/uNIA
2023-02-27,11.22.63,2016,https://boxd.it/bFV4
2023-03-01,Last Tango in Paris,1972,https://boxd.it/28pw
2023-03-01,The Dreamers,2003,https://boxd.it/28X4
2023-03-03,"Three Billboards Outside Ebbing, Missouri",2017,https://boxd.it/ceBS
2023-03-14,The Fabelmans,2022,https://boxd.it/ugoM
2023-03-18,A Man Called Otto,2022,https://boxd.it/zl06
2023-03-19,The Whale,2022,https://boxd.it/tw4c
2023-04-01,The Florida Project,2017,https://boxd.it/dMG0
2023-04-01,The Night Of,2016,https://boxd.it/eC1I
2023-04-03,Taste of Cherry,1997,https://boxd.it/1m8W
2023-04-06,Becoming Jane,2007,https://boxd.it/261C
2023-04-06,The Lego Movie,2014,https://boxd.it/4pDO
2023-04-06,Chicken Little,2005,https://boxd.it/1Xnu
2023-04-09,Close,2022,https://boxd.it/y4qa
2023-04-27,The Dust of Time,2008,https://boxd.it/AFI
2023-04-29,Summer 1993,2017,https://boxd.it/fAfK
2023-05-16,Burning Days,2022,https://boxd.it/psok
2023-05-24,The Pope's Exorcist,2023,https://boxd.it/stZ8
2023-06-02,Blue Jasmine,2013,https://boxd.it/50MI
2023-06-03,The Talented Mr. Ripley,1999,https://boxd.it/2924
2023-06-09,Birdman or (The Unexpected Virtue of Ignorance),2014,https://boxd.it/5RFA
2023-06-09,One Fine Morning,2022,https://boxd.it/s4Ta
2023-06-10,Beautiful Boy,2018,https://boxd.it/g76Q
2023-06-17,The Departed,2006,https://boxd.it/28MA
2023-06-17,W.E.,2011,https://boxd.it/2Op4
2023-06-17,Normal People,2020,https://boxd.it/q2VY
2023-06-17,Phantom Thread,2017,https://boxd.it/e4uc
2023-06-24,"Paris, Texas",1984,https://boxd.it/29Ts
2023-06-25,Sick of Myself,2022,https://boxd.it/tEzs
2023-06-27,La Belle Noiseuse,1991,https://boxd.it/1RxI
2023-07-02,Snow and the Bear,2022,https://boxd.it/C6WK
2023-07-16,All About My Mother,1999,https://boxd.it/2b9c
2023-07-21,Hit the Road,2021,https://boxd.it/vBVO
2023-07-22,Oppenheimer,2023,https://boxd.it/wUow
2023-07-27,About Dry Grasses,2023,https://boxd.it/oNbO
2023-08-03,Barbie,2023,https://boxd.it/bCLK
2023-08-08,After Hours,1985,https://boxd.it/1VfS
2023-08-12,Twice Born,2012,https://boxd.it/41rO
2023-08-25,Bruce Almighty,2003,https://boxd.it/2aCC
2023-08-28,The Great Beauty,2013,https://boxd.it/5ty6
2023-08-29,The Green Knight,2021,https://boxd.it/kuy2
2023-08-31,20th Century Women,2016,https://boxd.it/bqU6
2023-09-10,This Summer Feeling,2015,https://boxd.it/cOAG
2023-09-13,Past Lives,2023,https://boxd.it/oNB8
2023-09-14,"Two Days, One Night",2014,https://boxd.it/6A58
2023-09-16,Taxi Driver,1976,https://boxd.it/2b8y
2023-09-21,Autumn,2008,https://boxd.it/1S22
2023-09-30,The Kid with a Bike,2011,https://boxd.it/5Xc
2023-10-02,A Bigger Splash,2015,https://boxd.it/azgs
2023-10-04,Death in Venice,1971,https://boxd.it/21tm
2023-10-06,The Child,2005,https://boxd.it/1TJm
2023-10-12,Cloud Atlas,2012,https://boxd.it/2W60
2023-10-16,Microphone,2010,https://boxd.it/2QBm
2023-10-27,Nelly and Monsieur Arnaud,1995,https://boxd.it/1Ruu
2023-10-28,The Death of Stalin,2017,https://boxd.it/ea9Y
2023-10-31,Silence,2016,https://boxd.it/2cAo
2023-11-01,Good Morning,1959,https://boxd.it/2lkk
2023-11-02,Basic Instinct,1992,https://boxd.it/2asM
2023-11-04,The Irishman,2019,https://boxd.it/dYOq
2023-11-06,Scenes from a Marriage,1974,https://boxd.it/4kJC
2023-11-14,Close-Up,1990,https://boxd.it/1m9q
2023-11-21,Bihter: A Forbidden Passion,2023,https://boxd.it/ENQk
2023-11-25,Last Call for Istanbul,2023,https://boxd.it/Dwfu
2023-12-03,Vivre Sa Vie,1962,https://boxd.it/28s6
2023-12-09,Fruitvale Station,2013,https://boxd.it/4VRy
2023-12-10,Philadelphia,1993,https://boxd.it/1XMk
2023-12-13,"Oslo, August 31st",2011,https://boxd.it/2xQC
2023-12-14,Insomnia,2002,https://boxd.it/2aB0
2023-12-17,I Know This Much Is True,2020,https://boxd.it/pVeo
2023-12-20,Loveless,2017,https://boxd.it/fcFa
2023-12-23,La Cérémonie,1995,https://boxd.it/287C
2023-12-27,Where Is the Friend's House?,1987,https://boxd.it/ELg
2024-01-01,Tiny Beautiful Things,2023,https://boxd.it/FYIS
2024-01-02,Afire,2023,https://boxd.it/y06K
2024-01-04,Capernaum,2018,https://boxd.it/iM3s
2024-01-07,Mirror,1975,https://boxd.it/28Q8
2024-01-13,"The Boy, the Mole, the Fox and the Horse",2022,https://boxd.it/BBT6
2024-01-14,Priscilla,2023,https://boxd.it/Cz3k
2024-01-24,Husbands and Wives,1992,https://boxd.it/1pIe
2024-01-28,May December,2023,https://boxd.it/vEE2
2024-02-09,Anatomy of a Fall,2023,https://boxd.it/yuDE
2024-02-10,My Salinger Year,2020,https://boxd.it/mWng
2024-02-12,Damage,1992,https://boxd.it/1URm
2024-02-14,Perfect Days,2023,https://boxd.it/ATh8
2024-02-19,Behind Open Doors,2023,https://boxd.it/IkAg
2024-02-26,Adaptation.,2002,https://boxd.it/26mA
2024-03-06,Prisoners,2013,https://boxd.it/4E5i
2024-03-07,A Round of Applause,2024,https://boxd.it/LJq2
2024-03-12,Monster,2023,https://boxd.it/DJEM
2024-03-21,Vortex,2021,https://boxd.it/uoni
2024-03-21,Boyhood,2014,https://boxd.it/3178
2024-03-24,Portrait of a Lady on Fire,2019,https://boxd.it/jkPq
2024-03-24,"Are You There God? It's Me, Margaret.",2023,https://boxd.it/kiYC
2024-04-05,Certified Copy,2010,https://boxd.it/IMW
2024-04-16,The Broken Circle Breakdown,2012,https://boxd.it/4pHm
2024-04-19,Manhattan,1979,https://boxd.it/29Na
2024-04-23,The Zone of Interest,2023,https://boxd.it/gJsA
2024-04-25,Baby Reindeer,2024,https://boxd.it/MwSa
2024-04-26,Sing Street,2016,https://boxd.it/cOo6
2024-04-28,A Man and a Woman,1966,https://boxd.it/Wb6
2024-05-12,A Summer's Tale,1996,https://boxd.it/183e
2024-05-18,Everything Everywhere All at Once,2022,https://boxd.it/jUk4
2024-06-17,Sharp Objects,2018,https://boxd.it/j3NM
2024-07-06,All of Us Strangers,2023,https://boxd.it/Bz3C
2024-07-06,Victoria,2015,https://boxd.it/amSe
2024-07-27,The Killing of a Sacred Deer,2017,https://boxd.it/dZ5G
2024-08-05,Demolition,2015,https://boxd.it/9GuY
2024-08-05,Batman Begins,2005,https://boxd.it/2aIg
2024-08-09,Inside Out 2,2024,https://boxd.it/CFrC
2024-08-22,Killers of the Flower Moon,2023,https://boxd.it/gHp0
2024-08-24,Still Alice,2014,https://boxd.it/8Nhq
2024-09-02,Children of Men,2006,https://boxd.it/1Y2i
2024-09-11,Memory,2023,https://boxd.it/AZ9O
2024-09-11,The Color Purple,1985,https://boxd.it/29oO
2024-09-27,Seagrass,2023,https://boxd.it/GFj2
2024-10-26,Inside,2012,https://boxd.it/3tPi
2024-11-04,Like a Son,2023,https://boxd.it/FcPw
2024-11-04,Don't Worry Darling,2022,https://boxd.it/mViu
2024-11-04,Am I OK?,2022,https://boxd.it/nPqY
2024-11-11,The Hours,2002,https://boxd.it/2a3s
2024-11-17,A Nos Amours,1983,https://boxd.it/271I
2024-11-17,Kramer vs. Kramer,1979,https://boxd.it/h0w
2024-11-20,Godard Mon Amour,2017,https://boxd.it/eGLK
2024-12-02,Mona Lisa Smile,2003,https://boxd.it/1T0Q
2024-12-07,The Lost Daughter,2021,https://boxd.it/kgww
2024-12-23,Kung Fu Panda 4,2024,https://boxd.it/CepE
2024-12-25,Don't Let Them Shoot the Kite,1989,https://boxd.it/Ff6
2025-01-12,City of God,2002,https://boxd.it/2a2a
2025-01-14,Training Day,2001,https://boxd.it/27A4
2025-01-19,The Substance,2024,https://boxd.it/zanS
2025-02-02,The Perks of Being a Wallflower,2012,https://boxd.it/2ZA8
2025-02-15,Mamma Mia!,2008,https://boxd.it/1Tnq
2025-02-21,Chasing the Wind,2025,https://boxd.it/OkP8
2025-03-03,Cléo from 5 to 7,1962,https://boxd.it/2agm
2025-03-09,Hesitation Wound,2023,https://boxd.it/CMwY
2025-04-06,Adolescence,2025,https://boxd.it/TFGw
2025-04-07,Anora,2024,https://boxd.it/Egcw
2025-04-07,The Friend,2024,https://boxd.it/J0BU
2025-04-13,The Ballad of Wallis Island,2025,https://boxd.it/GqT0
2025-04-17,I'm Not a Robot,2023,https://boxd.it/IGTE
2025-04-17,I'm Still Here,2024,https://boxd.it/BPEO
2025-04-22,My Life as a Zucchini,2016,https://boxd.it/dL2y
2025-04-22,Moonlight,2016,https://boxd.it/d6bE
2025-04-26,My Neighbor Totoro,1988,https://boxd.it/20eA
2025-04-29,The Brutalist,2024,https://boxd.it/k4BO
2025-04-29,Fallen Leaves,2023,https://boxd.it/Bgew
2025-05-01,Istanbul Encyclopedia,2025,https://boxd.it/UBvG
2025-05-03,Tokyo Story,1953,https://boxd.it/1HuY
2025-05-05,Decision to Leave,2022,https://boxd.it/qp9e
2025-05-08,The Room Next Door,2024,https://boxd.it/Fb4k
2025-05-10,Conclave,2024,https://boxd.it/AO8q
2025-05-28,La Haine,1995,https://boxd.it/2as8
2025-05-29,In the Mood for Love,2000,https://boxd.it/29tE
2025-05-30,The Young Girls of Rochefort,1967,https://boxd.it/26K8
2025-05-30,Demirkırat: Bir Demokrasinin Doğuşu,1991,https://boxd.it/NFis
2025-05-30,Demirkırat: Execution,1991,https://boxd.it/Heaa
2025-05-30,Demirkırat: Fight,1991,https://boxd.it/HaJ6
2025-05-30,Demirkırat: Island,1991,https://boxd.it/Hea0
2025-05-31,Autumn Sonata,1978,https://boxd.it/1Rio
2025-05-31,The Battle of Algiers,1966,https://boxd.it/1IRY
2025-06-02,Demirkırat: Chief,1991,https://boxd.it/H9WI
2025-06-02,Demirkırat: Crisis,1991,https://boxd.it/HdhY
2025-06-02,Demirkırat: Pressure,1991,https://boxd.it/HdlG
2025-06-02,Demirkırat: The Goverment,1991,https://boxd.it/HbsK
2025-06-02,Demirkırat: Rebellion,1991,https://boxd.it/He6W
2025-06-02,Demirkırat: Victory,1991,https://boxd.it/Hboy
2025-06-02,Demirkırat: Coup,1991,https://boxd.it/He9Q
2025-06-02,12 Mart: İhtilalin Pençesinde Demokrasi,1994,https://boxd.it/U1F6
2025-06-02,12 Eylül,1998,https://boxd.it/qBBa
2025-06-02,Özallı Yıllar,2000,https://boxd.it/V8j4
2025-06-04,Judgment at Nuremberg,1961,https://boxd.it/29xc
2025-06-13,Let's Sin,2014,https://boxd.it/7UNG
2025-06-29,Irreversible,2002,https://boxd.it/29as
2025-07-02,Raising Arizona,1987,https://boxd.it/2avQ
2025-07-03,Baby's Day Out,1994,https://boxd.it/1Ume
2025-07-04,The Darjeeling Limited,2007,https://boxd.it/24as
2025-07-05,Following,1998,https://boxd.it/1Tj4
2025-07-07,Kes,1969,https://boxd.it/1Qi8
2025-07-10,We Need to Talk About Dilan,2024,https://boxd.it/OIpS
2025-07-10,Senna,2010,https://boxd.it/kfE
2025-07-12,"I, Daniel Blake",2016,https://boxd.it/d0xa
2025-07-13,Burning,2018,https://boxd.it/hHUa
2025-07-13,Roma,2018,https://boxd.it/f69M
2025-07-14,Erin Brockovich,2000,https://boxd.it/2al2
2025-07-15,Land and Freedom,1995,https://boxd.it/14Xi
2025-07-15,I Lost My Body,2019,https://boxd.it/lAYs
2025-07-21,Argo,2012,https://boxd.it/2czU
2025-07-22,The Time That Remains,2009,https://boxd.it/QP0
2025-07-22,(500) Days of Summer,2009,https://boxd.it/1EmM
2025-07-22,The Hunger Games: Catching Fire,2013,https://boxd.it/3sAw
2025-07-22,Cars,2006,https://boxd.it/29ho
2025-07-22,The Hunger Games: Mockingjay – Part 1,2014,https://boxd.it/4hka
2025-07-22,The Hunger Games: Mockingjay – Part 2,2015,https://boxd.it/4hk0
2025-07-22,Shrek the Third,2007,https://boxd.it/29yY
2025-07-22,Happy Feet,2006,https://boxd.it/1XH0
2025-07-22,Pinocchio,1940,https://boxd.it/1V8C
2025-07-22,The Lion King II: Simba's Pride,1998,https://boxd.it/1XWu
2025-07-22,The Chaos Class in the Military,2005,https://boxd.it/1hhE
2025-07-22,Vizontele Tuuba,2004,https://boxd.it/3fpq
2025-07-22,The Chaos Class Is Waking Up,1976,https://boxd.it/1jaK
2025-07-22,Heist School,2006,https://boxd.it/1qzM
2025-07-22,What's Left of You,2015,https://boxd.it/bg4Y
2025-07-22,"The Class of Chaos 3,5",2006,https://boxd.it/1hhY
2025-07-22,Wacky Class Welcome,2004,https://boxd.it/1heA
2025-07-22,Endless Love,2017,https://boxd.it/gM9m
2025-07-22,120,2008,https://boxd.it/1Vjg
2025-07-22,Çalgı Çengi: We Are Two,2017,https://boxd.it/g0lu
2025-07-22,Anatolian Eagles,2011,https://boxd.it/2HjI
2025-07-22,Firefly,1975,https://boxd.it/9pfM
2025-07-22,Karakomik Filmler 2,2020,https://boxd.it/IKM8
2025-07-22,Squid Game,2021,https://boxd.it/x1OG
2025-07-22,Megamind,2010,https://boxd.it/16Sk
2025-07-22,Hotel Transylvania,2012,https://boxd.it/2DF6
2025-07-22,Sex and the City,2008,https://boxd.it/246q
2025-07-22,Hotel Transylvania: Transformania,2022,https://boxd.it/lwCC
2025-07-22,Money Trap,2019,https://boxd.it/lfkw
2025-07-22,Deniz Göktaş: Selam Selam,2023,https://boxd.it/GqvM
2025-07-24,Materialists,2025,https://boxd.it/GZlW
2025-07-26,Memories of Murder,2003,https://boxd.it/1TSo
2025-07-29,Groundhog Day,1993,https://boxd.it/2b3e
2025-08-02,The Things of Life,1970,https://boxd.it/25oU
2025-08-03,The Sacrifice,1986,https://boxd.it/1xg8
2025-08-05,Hiroshima Mon Amour,1959,https://boxd.it/22WY
2025-08-06,Habil & Qabil,2003,https://boxd.it/sKa2
2025-08-07,12 Years a Slave,2013,https://boxd.it/2D2e
2025-08-07,Dekalog,1989,https://boxd.it/bv4u
2025-08-07,A Short Film About Love,1988,https://boxd.it/1jXC
2025-08-07,Decalogue V,1989,https://boxd.it/3Wma
2025-08-07,Decalogue III,1989,https://boxd.it/3Wmu
2025-08-07,Decalogue IV,1989,https://boxd.it/C8w
2025-08-07,Decalogue VI,1989,https://boxd.it/3WlQ
2025-08-07,Chernobyl,2019,https://boxd.it/mkbG
2025-08-07,Black Mirror: Men Against Fire,2016,https://boxd.it/hSBS
2025-08-07,Black Mirror: Bandersnatch,2018,https://boxd.it/kTDG
2025-08-07,Black Mirror: Common People,2025,https://boxd.it/U1Vy
2025-08-07,Black Mirror: San Junipero,2016,https://boxd.it/k4aS
2025-08-07,Black Mirror: Bête Noire,2025,https://boxd.it/U1VI
2025-08-07,Black Mirror: Nosedive,2016,https://boxd.it/hK9G
2025-08-07,Black Mirror: White Christmas,2014,https://boxd.it/B3qu
2025-08-07,Black Mirror: Shut Up and Dance,2016,https://boxd.it/hRRq
2025-08-07,Black Mirror: Hang the DJ,2017,https://boxd.it/hQYA
2025-08-07,Black Mirror: The National Anthem,2011,https://boxd.it/hQYK
2025-08-07,Black Mirror: Fifteen Million Merits,2011,https://boxd.it/hQYU
2025-08-07,Black Mirror: White Bear,2013,https://boxd.it/hRpG
2025-08-07,Black Mirror: The Entire History of You,2011,https://boxd.it/hQZ4
2025-08-07,Black Mirror: Black Museum,2017,https://boxd.it/hRqu
2025-08-07,Black Mirror: Striking Vipers,2019,https://boxd.it/mlse
2025-08-07,Black Mirror: Playtest,2016,https://boxd.it/hRR6
2025-08-07,"Black Mirror: Rachel, Jack and Ashley Too",2019,https://boxd.it/mltQ
2025-08-07,Black Mirror: Arkangel,2017,https://boxd.it/hQXW
2025-08-07,Black Mirror: Hated in the Nation,2016,https://boxd.it/hSBI
2025-08-07,Black Mirror: The Waldo Moment,2013,https://boxd.it/hRpQ
2025-08-07,Black Mirror: Crocodile,2017,https://boxd.it/hRoS
2025-08-07,Black Mirror: Metalhead,2017,https://boxd.it/hRqk
2025-08-07,Gilmore Girls: A Year in the Life,2016,https://boxd.it/f9og
2025-08-07,The Masked Gang,2005,https://boxd.it/3H1m
2025-08-07,The Way We Are,2020,https://boxd.it/nXZC
2025-08-07,Vali,2009,https://boxd.it/18m6
2025-08-07,Water and Fire,2013,https://boxd.it/8bZY
2025-08-07,You're My Home,2012,https://boxd.it/4xfq
2025-08-07,Innocent,2017,https://boxd.it/x4Ja
2025-08-07,Recep Ivedik,2008,https://boxd.it/1jX8
2025-08-07,Recep Ivedik 2,2009,https://boxd.it/1jWY
2025-08-07,Recep Ivedik 3,2010,https://boxd.it/1gnQ
2025-08-07,Recep Ivedik 4,2014,https://boxd.it/7Baq
2025-08-07,Smiling Eyes,1977,https://boxd.it/4IA
2025-08-07,Arım Balım Peteğim,1970,https://boxd.it/bDO6
2025-08-07,Sultan,1978,https://boxd.it/g8VK
2025-08-07,The Girl with the Red Scarf,1977,https://boxd.it/1ja6
2025-08-07,Sen Bir Meleksin,1969,https://boxd.it/djrK
2025-08-07,The Undoing,2020,https://boxd.it/rlRo
2025-08-07,When They See Us,2019,https://boxd.it/kbJU
2025-08-08,The Lives of Others,2006,https://boxd.it/2a4A
2025-08-09,"sex, lies, and videotape",1989,https://boxd.it/28Oc
2025-08-09,Doctor Zhivago,1965,https://boxd.it/29jk
2025-08-09,My Sister's Keeper,2009,https://boxd.it/1Xh2
2025-08-09,But Muzeyyen That's the Deepest Desire,2014,https://boxd.it/9Zao
2025-08-09,Our Grand Despair,2011,https://boxd.it/2hl4
2025-08-10,Cure,1997,https://boxd.it/1blA
2025-08-10,A Lien,2023,https://boxd.it/Gk7Y
2025-08-10,The Man Who Could Not Remain Silent,2024,https://boxd.it/MLW2
2025-08-10,The Wonderful Story of Henry Sugar,2023,https://boxd.it/yNyo
2025-08-12,Ulysses' Gaze,1995,https://boxd.it/1ApC
2025-08-14,Landscape in the Mist,1988,https://boxd.it/JRy
2025-08-15,Breathless,1960,https://boxd.it/2aIK
2025-08-15,The Outreau Case: A French Nightmare,2024,https://boxd.it/M0E6
2025-08-28,The Fall,2006,https://boxd.it/1NoM
2025-09-13,Unknown Number: The High School Catfish,2025,https://boxd.it/WtQq
2025-09-13,Bridesmaids,2011,https://boxd.it/rac
2025-09-13,At the Bench,2024,https://boxd.it/QLtM
2025-09-24,Ray,2004,https://boxd.it/28km
2025-09-25,Salt of the Earth,1954,https://boxd.it/1yZe
2025-09-28,Black Box Diaries,2024,https://boxd.it/K5dU
2025-10-31,Frankenstein,2025,https://boxd.it/Ecsg
2025-11-04,The 400 Blows,1959,https://boxd.it/2b1C
2025-11-04,One of Those Days When Hemme Dies,2024,https://boxd.it/OnWQ
2025-11-06,Nouvelle Vague,2025,https://boxd.it/LLLQ
2025-11-08,Pierrot le Fou,1965,https://boxd.it/26j2
2025-11-11,The White Ribbon,2009,https://boxd.it/17eU
2025-11-14,It Was Just an Accident,2025,https://boxd.it/TX2k
2025-11-20,Rebuilding,2025,https://boxd.it/JYjm
2025-11-21,Souleymane's Story,2024,https://boxd.it/HQVy
2025-11-23,Shoah,1985,https://boxd.it/XSK
2025-11-24,There Will Be Blood,2007,https://boxd.it/20Z2
2025-11-26,Jay Kelly,2025,https://boxd.it/EsWw
2025-11-30,"Paris, 13th District",2021,https://boxd.it/s0Ky
2025-12-02,The Wind That Shakes the Barley,2006,https://boxd.it/293Q
2025-12-04,"The Tree, the Mayor and the Mediatheque",1993,https://boxd.it/4lEI
2025-12-06,Leviathan,2014,https://boxd.it/7Ub8
2025-12-10,A Short Film About Killing,1988,https://boxd.it/1VtK
2025-12-10,The Return,2003,https://boxd.it/1UpM
2025-12-12,That Obscure Object of Desire,1977,https://boxd.it/22zg
2025-12-13,La Grazia,2025,https://boxd.it/RLHm
2025-12-13,Mystery,2011,https://boxd.it/7gl8
2025-12-14,The Banishment,2007,https://boxd.it/1wk4
2025-12-15,Blind Chance,1987,https://boxd.it/2b4G
2025-12-16,Sentimental Value,2025,https://boxd.it/GwcG
2025-12-19,Atropia,2025,https://boxd.it/L5Km
2025-12-25,Elena,2011,https://boxd.it/2I9u
2025-12-27,Ernest & Celestine,2012,https://boxd.it/493A
2025-12-27,The Town,2025,https://boxd.it/ZCeQ
2025-12-28,The Weeping Meadow,2004,https://boxd.it/177k
2026-01-02,Father Mother Sister Brother,2025,https://boxd.it/HRoU
2026-01-05,CMXXIV,2025,https://boxd.it/AJdU
2026-01-05,Andrei Rublev,1966,https://boxd.it/29lg
2026-01-11,Persona,1966,https://boxd.it/29B4
2026-01-11,"Synecdoche, New York",2008,https://boxd.it/23zw
2026-01-15,Die My Love,2025,https://boxd.it/D5cI
2026-01-18,A Ghost Story,2017,https://boxd.it/fb0K
2026-01-24,Marty Supreme,2025,https://boxd.it/Off0
2026-01-29,Hamnet,2025,https://boxd.it/woVy
2026-02-06,The Secret Agent,2025,https://boxd.it/KkUE
2026-02-14,Wuthering Heights,2026,https://boxd.it/OdIa
2026-02-19,Sinners,2025,https://boxd.it/KQMM
2026-02-21,Ashes,2024,https://boxd.it/KIWa
2026-02-21,Museum of Innocence,2026,https://boxd.it/10YUc
2026-03-02,Eyes Wide Shut,1999,https://boxd.it/2axs
2026-03-10,Punch-Drunk Love,2002,https://boxd.it/20E4
2026-03-14,One Battle After Another,2025,https://boxd.it/DUHM
2026-03-23,The Diving Bell and the Butterfly,2007,https://boxd.it/27Di
2026-04-07,The Roses,2025,https://boxd.it/MjnI
2026-04-14,Free Willy,1993,https://boxd.it/28qO
